Label,dec0,dec1,obj0,obj1
0,1,011110100000000100111101000001100000001010001101110011101011,-0.144115,0.379897
0,1,111010010101010011101101000011011010100110010111011101101101,-0.081310,0.536984
0,1,011000100101000001000011100100000100001010010100000000000110,-0.136650,0.309575
0,1,100100101100000100101011101000111001101000110000101100000100,-0.113167,0.386127
0,1,011110110000101001101001011010010101010110010000001101001110,-0.136577,0.438779
0,1,001100001010010111101101110100101110011010100010101101001111,-0.134881,0.574099
0,1,010100010000010010100110000001110100110010000010010101001000,-0.112335,0.332025
0,1,010100010000011010100110000001110100110010000010010101001000,-0.109889,0.362523
0,1,111111011110111110110110100101010011110100100101010110010111,-0.051400,0.615155
0,1,111100111100111011100101001010110100100100001100111100001100,-0.121793,0.507869
0,1,011010101100000000010000000000110111000110001001010101000101,-0.202902,0.245745
0,1,011010101100000000010000100000110111000100001001010101000101,-0.201944,0.245463
0,1,111011110110111001011010000011011100001101110111011010010001,-0.092856,0.558521
1,1,011010100100000000010001000000110011000100001001010101010101,-0.246307,0.227977
1,1,000011100000000000000010000000000000100000000100000110110000,-0.153075,0.087289
1,1,000011100000000000000010000000000000100000010000000110110000,-0.167156,0.085181
1,1,000011110000000000000010000000000000100100000100000110110000,-0.188071,0.118133
1,1,100011100000000000000010000000000000100000000100000110110000,-0.158767,0.096514
1,1,000011100000000001000010000000000010100000000100100110110000,-0.204214,0.150268
1,1,000011100000000000100010000000000000100000000100000110110000,-0.153075,0.110997
1,1,010010100100000000010001000000110011000100001001010101010101,-0.251969,0.218816
1,1,000011100000000000000010000000000010100000000100000110110000,-0.188671,0.096801
1,1,000011100000000000000010000000000010100000000101000110110000,-0.193131,0.123745
1,1,000011100000000000000010000000000010100000000100100110110000,-0.204214,0.109936
0,1,001100001010110111101101110100101110011010100010101111001111,-0.134597,0.618905
0,1,010010101100000010010010000000110001101000101001000101011101,-0.202758,0.266423
1,1,000001100000000000000010000000000010100000000100001110110000,-0.159276,0.101790
0,1,001011101100000000000000000000110011001110001001000101000101,-0.156683,0.195037
0,1,000111101000001001101010100000000001000000000101000111010000,-0.132052,0.273104
1,1,000010100000000000100010000000000000100000000100000110010000,-0.121151,0.097883
0,1,011010101100101010011010000001110101110001101011000101011001,-0.213564,0.432010
0,1,001010101000111000011101110111101000111111001101011110011000,-0.112141,0.566962
0,1,010001110110000001101100000011010101000000111110011110100110,-0.086323,0.419346
0,1,000011100000001001000010000000000101000000000100000111010000,-0.156116,0.159054
0,1,000010001011010001010110010110000000010010000111011110110101,-0.099893,0.441928
0,1,000110100000001001000010000000000001010000000101000111010000,-0.150077,0.155263
0,1,011011101100100010010010000000110101100000101001000101011101,-0.205272,0.322765
1,1,101010100000000000000010000000000000110000001100000101010010,-0.209911,0.140424
0,1,000110100000001001010010000000000001100000000101000111010000,-0.168937,0.191330
0,1,000010100000001001000010000000000001100000000100000111010000,-0.155668,0.141685
1,1,000010100000000001000010000000000001100000000100000111010000,-0.142534,0.124533
0,1,000110100000001001000010000000000000100000000101000111010000,-0.156818,0.149835
1,1,000110100000001001000010000000000000100000000001000111010000,-0.154913,0.133279
0,1,000010100000000001000010000000100001100000000100000111010000,-0.153844,0.143556
0,1,000010100000000001000010000000100001100000000101000111010000,-0.159101,0.150959
0,1,001010100000000001000010000000000001100000000100000111010000,-0.142984,0.133461
1,1,000010100000000001000010000000000011100000000100000111010000,-0.178131,0.133958
1,1,000010100000000000100010000000000001100000000100000111010000,-0.142534,0.107449
1,1,000010100000000000100010000000000001100000000100000111010001,-0.174653,0.115269
0,1,101110100110000110001010001000100001010110011101011110001111,-0.117676,0.422829
0,1,010110110001011001011010111101001011011100101011111010111101,-0.125390,0.588472
0,1,000110100000001001000010000000000001100000000101000111010000,-0.160995,0.153549
0,1,010110100000001001000010000000000101100000000101000111010000,-0.179643,0.184952
1,1,000010100000000000100010000000000000100000000100000111010000,-0.137291,0.103734
0,1,000010100000001001000010000000000001000000000100000111010000,-0.143382,0.139703
0,1,011010111100000000010000000000110110000100001001010111111101,-0.224385,0.264894
0,1,011010101100100010010010000000110100100000101001000101011101,-0.189623,0.314980
0,1,000110100000001001000010000000000001000000000101000111010000,-0.148708,0.151567
0,1,000110100000001001000010000000000001000000000100000111010000,-0.143382,0.144165
0,1,000110100000001001000010000010000001000000000101000111010000,-0.159687,0.185127
0,1,011010100100000000010000000001110111100100011001010101100101,-0.215331,0.274367
0,1,000110100000001001000010000000010001000000000100000111010000,-0.166913,0.154905
0,1,011010100110001000010000000001110111100100011001010101100101,-0.217503,0.322761
0,1,010010101100100010010010000000110001100000101001000101011101,-0.202758,0.297989
0,1,000110100000001001000010000000000001000000000100100111010000,-0.149099,0.160477
1,1,000110100000001000000010000000000001000000000101000111010000,-0.148708,0.130777
0,1,011010101100100010010010000000110111100000101001000101011101,-0.205246,0.333736
0,1,000110100000001001100010000000000001000000000101000111010000,-0.148708,0.178840
0,1,000110100000001001100010000000100001000000000101000111010000,-0.160478,0.197864
0,1,010110100000001001000010000000000011000000000100000111010001,-0.183191,0.214932
0,1,011010100100100000010010000000110101100000101001000101010101,-0.205937,0.275434
0,1,011010101100100010010010000000110101100001101001000101011001,-0.196626,0.316199
0,1,011010101100100010010010000000110101100000101001000101011101,-0.205272,0.316975
0,1,011010101000100010010010000000110101100000101001000101011001,-0.197658,0.292740
1,1,001010100000000000000000100000000001100000000100000110001010,-0.173799,0.124052
0,1,010100101110101000010110000000111101000001101101011011101010,-0.161252,0.449603
0,1,001110100000000000010000000001100111100100011001010100010001,-0.231854,0.214220
1,1,011010000100000000010000000001100111100100011001010100110101,-0.260429,0.235087
1,1,011010000100000000010000000001100111100100011001010100110100,-0.260507,0.221247
1,1,011010000100000000010000000001100111100100010001010100110100,-0.242423,0.208424
0,1,100001111111010100000010000110011001011011111010100000010001,-0.115163,0.440139
0,1,000011011011011001101001000000001000000000110110000101101011,-0.131717,0.409290
0,1,011110101100000000010000100000110111000100001001010101010101,-0.236166,0.279088
1,1,000010100000000000000000100000000001100000000100000111001010,-0.186850,0.122318
0,1,001010100010000000000000100000000001100010000100010111000010,-0.174494,0.153181
1,1,001010100000000000000000100000000001100000000100000111001010,-0.187945,0.127225
1,1,001010100000000000000000100001000001100000000100000111001010,-0.197634,0.151297
0,1,000100010111001000001001000011001000001110010011001101011100,-0.113449,0.393307
0,1,011010100100000000010000000000010111000100001001010101010101,-0.225964,0.211983
1,1,000011100000000000000010000000000000100100000100000110110000,-0.185983,0.089051
0,1,001101001001110101100011100010000000011011111011001011111110,-0.107084,0.505925
0,1,011010101101000000010000000000110111100100001001010101011101,-0.238090,0.280102
1,1,011010000100000000010000000001100111100100011001010101110101,-0.257511,0.241240
1,1,100011100000000000000010000000000000000100000100000110110000,-0.176498,0.096294
0,1,011010100100000000010000000001100111100100011001010010110101,-0.239615,0.243960
0,1,011010100100000000010000000001100111100100001001010010110101,-0.219346,0.220322
0,1,011010101111111110011111010110011010110010111010100100010010,-0.069877,0.668506
1,1,011010100100000000010000000001100111100100011001010110110101,-0.259709,0.265982
0,1,111101001111010010100110101011000010101001001110011000000000,-0.115768,0.467603
1,1,001110100000000000010000000001100111100100011001010100110001,-0.264799,0.221253
1,1,001010100000000000000000000001100111100100011001010100110001,-0.259958,0.195372
1,1,011010100100000000010000000001100111100100011001010100110101,-0.262518,0.257321
0,1,011110100100000000010000000001100111100100011001010000110101,-0.231523,0.243527
1,1,011010100000000000010000000001100111100100011001010100110001,-0.264720,0.234920
1,1,011010100000000000010000000001100111100100010001010100110001,-0.246446,0.222251
0,1,000100010101110010111000011100110111011110101000110011101000,-0.075175,0.492922
0,1,011010100100000001010000000001100111100100011001010100110101,-0.243661,0.277357
1,1,001010100000000000010000000001100111100100011001010100110001,-0.265543,0.213024
1,1,001010100010000000010000000001100111100100011001010100110001,-0.266307,0.231643
0,1,000111100000001001100010000000000001000100000101010111010000,-0.130440,0.219293
1,1,101010100000000000000010000000000000110000001100000101000010,-0.211453,0.126037
0,1,010111000001001100101101100110111110010010100100111110010010,-0.134293,0.536996
0,1,101001100101101100110110011100111100011101001101101110110100,-0.076863,0.572247
1,1,000010100000000000100010000000000001100000000100000111000000,-0.128470,0.093201
1,1,000010100000000000100010000000000001100000000100000111000001,-0.178124,0.101021
0,1,101110100110000110001011001000100001010110011101011110001111,-0.108593,0.449396
0,1,111011100000000000010000000001101111000100011001010100110001,-0.239513,0.287051
1,1,000010100000000000100010000000000010100100000100000111010000,-0.196432,0.114913
1,1,001010100000000000000000000001100111110100011001010100110001,-0.259498,0.199179
1,1,001011100000000000000000000001100111100100011001010100110001,-0.261952,0.201162
0,1,011010100100000000010000000001110111100100011001010101110101,-0.257276,0.282655
1,1,011010100100000000010000000001100111110100011001010100110101,-0.262208,0.260852
0,1,001010000010000111001011000111111011101001011010001011010100,-0.088992,0.495758
1,1,010011100100000000010000000001100111100100011001010100110101,-0.272273,0.253949
1,1,010011100100000000010000000001100111100100011001110100110101,-0.273774,0.261201
0,1,011011101100000000000000000000110011000100001001000101000101,-0.170394,0.189958
0,1,011011101100000000000000000001110011000100101001000101000101,-0.168575,0.227954
0,1,011010100000010110011001001100011110101101101111000100111111,-0.133755,0.498487
0,1,010001101101011101100101001100110111000011111110011110001001,-0.078292,0.566362
0,1,001010100000000000000010100100010001110000000100100111110010,-0.219185,0.219744
0,1,011011101100000000010000000000110011000100001001000101000101,-0.165211,0.207144
0,1,110010110010110010101101011001111110111001001001000010111001,-0.093884,0.572657
0,1,100000111000110001001000101011111000011111101111110011110101,-0.085571,0.507313
0,1,011000100101000001000011100100000100001010010100000000001110,-0.145687,0.324318
0,1,000011100100001001100010100000000001000000000101000111110101,-0.155869,0.271384
1,1,001010100000010000000000100100010001110000000100000101010010,-0.230584,0.172328
0,1,011100001110001100001000000101100101010011010010100011111000,-0.111821,0.387272
0,1,011100001110010111000010101011000111100001001001000110011001,-0.086788,0.466130
0,1,011010101100101010011000100001110101110000101011010111011101,-0.223804,0.445575
1,1,000001100000000000000010000000000010110010000100000110110000,-0.154459,0.109055
0,1,011010101100101010011000110001110101110000101011000111011001,-0.172800,0.451144
0,1,011010101100101010011000100001110101110000101011000111011101,-0.222597,0.439053
0,1,011010101100000000000000000001110011000100101001000101000101,-0.168575,0.222668
0,1,011010101100000000010000000000110111000100001001010101000101,-0.198669,0.218566
0,1,011010101100010000010000000000100111000100001001010101000101,-0.193265,0.246722
0,1,011010101100000000011000000000110111100100001001010101000101,-0.199049,0.239078
0,1,011010101100100010010000000000100111000000001001010101010101,-0.218671,0.255956
0,1,011010101100000001010000000000110111000100001001010101000101,-0.164433,0.238602
1,1,000011101000000000000010000000000010100000000100100110110000,-0.195701,0.118727
0,1,100011010111000010111110101110000010010010101100010100001100,-0.070986,0.505324
0,1,100011010111001010111110101110000010010010101100010100001100,-0.070975,0.536007
0,1,011010011100000000010000000000110110000100001001010111110101,-0.238582,0.221003
0,1,000010100000001001100010100000000001001000001101100111010000,-0.164031,0.240165
1,1,001010000000000000000010100000010001100000000100000101010010,-0.193264,0.150607
0,1,011010101100000000010001000000110111100100001001010101010101,-0.239015,0.274803
0,1,011010101100000000010001000001110111100100001001010101010101,-0.239532,0.298980
0,1,010010101100100010010010000000110001100010101001000101111101,-0.157047,0.337143
1,1,000010101010000000100010000000000010100000000100000101110000,-0.191672,0.151576
0,1,011010101100000000010001000000110111100100001001011101010101,-0.240084,0.280726
1,1,001010100000000001000000100000010000100000001100000101010010,-0.216932,0.156102
0,1,011010001101100000010010000000110101100000101001000101010101,-0.215064,0.304033
0,1,011010001101100000010010000001010101100000101011000101010101,-0.210237,0.324967
0,1,011010001100100000010010000001010101100000101011000101010101,-0.214928,0.291300
1,1,001010100100000000000000110000010000100000001100000101010010,-0.221116,0.162852
0,1,011011101100000000000000000000110011001100001001000101000101,-0.170394,0.191721
0,1,001110100100111000100001100000011000101101001111010110010010,-0.133705,0.388351
0,1,000111100100001001100010100000000001100000000111000111010100,-0.105273,0.281181
0,1,010000000000001110101011111111111110000010000101010010101110,-0.062080,0.557088
1,1,000010100000000000000010100100010001110000000100000101010010,-0.222110,0.175264
1,1,001010100000000000000010100100010001110000000100000101010010,-0.231533,0.184353
0,1,001010100010000000000010100100010001110000000100000101010010,-0.227064,0.216220
0,1,000010100000100100000010100100010011110000000100000101010010,-0.215443,0.246104
1,1,001010100000000100000010100100010001110000000100000101010010,-0.215662,0.205019
1,1,001010100000000000000010100100010001110000000100100101010010,-0.203901,0.203378
0,1,011100001110010111000010101011000011101001001001000110011001,-0.086889,0.452130
0,1,000111100100001001100010100000000001000000000101000111010100,-0.136567,0.259308
0,1,000111100100001001100010101000000001000000000101000111010100,-0.113410,0.295518
0,1,000111100100001001100010100000000001000000100111000111010100,-0.104351,0.292392
0,1,000111100100001001100010100000000001000000000101000111010101,-0.138176,0.273514
0,1,011011100100100010010010000000110001100001101001000101011001,-0.195132,0.307751
0,1,000111100100001001100010100000000101000000000100000111010100,-0.135700,0.268672
1,1,001010100000000000010010100100010001110000000100000101010010,-0.218303,0.201948
0,1,000010100000101001000010000010000001100000000100000111011000,-0.192864,0.233244
0,1,000010100000000001000010100000000001100000000100000111010010,-0.190342,0.166093
0,1,100010100000000001000010101000000001100000000100000111010010,-0.180308,0.213085
0,1,000110100000001001110010100000010001100000000101000111010000,-0.179119,0.255592
0,1,101000010100000100010000110001100011010001111101101010000100,-0.113980,0.335574
1,1,001010100000000000000010100000000001100000000100000111010010,-0.190342,0.154175
0,1,001010100000000000000010100000000001100000000110000111010010,-0.170733,0.174067
1,1,001010100000000000000010100000010001100000000100000111010010,-0.211197,0.164968
1,1,001010100000010000000010100000110001100000000100000111010010,-0.211759,0.201098
0,1,010110111001011001011010111101001011011100101011111010111101,-0.117602,0.596586
0,1,000110100000010001100010100000000001100000010101001111010000,-0.168223,0.249487
1,1,011010001100000000010000000000110111000000001001010101010101,-0.240660,0.194151
1,1,000010101000000000100010000000000010100000000100000111010000,-0.176876,0.121539
0,1,000110100000001001100010100001010001100000000101000111010000,-0.179428,0.262760
0,1,000110100000001001100010100000000001100000000101000111010000,-0.165230,0.227851
0,1,000110100000001001100010100000010001100000000101000111010000,-0.187486,0.238644
0,1,000110100000011001100010100000000001100000000101000111010000,-0.165758,0.258072
0,1,000110100000010001100010100000000001100000000101000111010000,-0.173929,0.227507
1,1,011010001100000000010000000000110111000000001001011101010101,-0.240660,0.200073
0,1,000110100010001001100010100000000001100000001101100111010000,-0.165628,0.278596
0,1,000010100000001001000010000000000001000000000100100111011000,-0.172569,0.177448
0,1,000010100000001001000010000000000001000000000100101111011000,-0.171844,0.186701
0,1,001010100000001001000010000000000001000000000100100111011000,-0.173019,0.186375
1,1,001010100000000000000010100000010001100000000100000101010010,-0.212049,0.155883
0,1,000110100000001001100010100000000001000000000101001111010000,-0.146869,0.235122
0,1,000110101000001001000010000000010001000000010100000111010000,-0.167896,0.185674
0,1,000110100000001001000010100000000001000000000100100111010000,-0.152944,0.207505
0,1,011010101100100000110010000000110101100000101001000101010101,-0.206669,0.314754
1,1,001010100000000000000010100000010010100000001100000101010010,-0.242101,0.181811
0,1,000110100000001001100010100000000001000000000101000111010000,-0.152944,0.225869
0,1,000110100010000001100010100000000001000000000101000111010000,-0.143714,0.227171
0,1,000110100000001001100010100000000001000000001101000111010000,-0.162662,0.237934
0,1,011010101100100000010010000000110101100000101001000101010101,-0.210629,0.279999
0,1,011010101100100000010010000000110101100000001001000101010101,-0.208955,0.265403
1,1,001010100000000000000010100000010000100000000100000101010010,-0.207963,0.152169
0,1,001010100000000000000010100000000001100000000100000001010010,-0.166889,0.140027
0,1,001010100000000000000010100000010000100000000100000101010000,-0.176680,0.144224
1,1,001010100000000000000010100000010000100000001100000101010010,-0.231077,0.164986
1,1,001010100000000000000010100000010000100000001101000101010010,-0.224677,0.172318
0,1,011010101100100010010010000000110101100000101001000101010101,-0.197108,0.301095
0,1,011010101100100010010010000000110101100000101000000101010101,-0.202231,0.293177
1,1,001010100000000000000010100000001000100000001100000101010010,-0.238585,0.173001
0,1,011010101100000000010100000000110111000100101001010101010101,-0.222718,0.272191
0,1,011010101100000000010100000000110111000100101001010101010111,-0.223938,0.303456
0,1,111010101100000010010000000000110111000100011001010100010101,-0.220208,0.277480
0,1,000111100111001001100010100000000001101100000111000111010100,-0.109503,0.352158
0,1,010010101100100000010100000000110111000100001001010101010101,-0.231690,0.280501
0,1,001100100000100000111111100110110000110000010111111110110010,-0.110757,0.476617
0,1,011100010001110010111001110100010001010011101001111001101000,-0.079262,0.491703
1,1,111010001100000000000000000001100111100100011001110100110100,-0.258397,0.224347
1,1,111010001100000000000000000001100111100100011001010100110100,-0.254855,0.217603
1,1,111010001100010000000000000001100111100100011001010100110100,-0.250665,0.247814
0,1,000111100100001001100010100001000011000000000101000111100100,-0.149245,0.293290
0,1,000111000100001001100011100000000001000000000101000111010100,-0.120652,0.280140
0,1,000111000100001001100011100000000001000000000101000111010110,-0.120652,0.294508
0,1,110101111001000101100010110101101100001001011001100110011011,-0.089175,0.507218
0,1,001010100010000000000000100000000001100010000100000111001010,-0.170786,0.173077
0,1,100011100111111110100010001000010100101111101001110010010010,-0.078634,0.510548
0,1,011010101100000000010000000000110111000100001001010101010101,-0.240614,0.226855
0,1,111010101100000010010000000000110111000100001001010101010101,-0.244159,0.253366
0,1,011010101100000000010000000000010111000100001001010101010101,-0.230197,0.216549
0,1,011010101100000000010000000000110111000100000001010101010101,-0.233286,0.214230
0,1,011010101100000000010000000000111111000100001001010101010101,-0.240212,0.245234
0,1,011010101100000000010000000000110111000100001001110101010101,-0.244430,0.251174
0,1,011010101100000001010000000000110111000100011001010101010101,-0.221867,0.276762
0,1,011010101100000001010000000000110111000100011000010101010101,-0.219132,0.269493
0,1,011010101100000000010000000000110111000100001001011101010101,-0.240614,0.232777
0,1,000111000100001000100011100001000001110000000101000111010100,-0.129027,0.288791
0,1,011110101100000000010000000000110111100100001001010101010101,-0.231452,0.255911
1,1,011010101100000000010000000000110111100100001001010001010101,-0.214324,0.199622
0,1,011110001100000000011000000000110111000100001001010101110101,-0.252790,0.279258
1,1,001010010000000000000010100000010001100000000100000101010010,-0.192119,0.159963
0,1,000111100100001001100010100001000011000000000101000110100100,-0.149245,0.287143
0,1,000111100100101001100010100001000011000000000101000110100100,-0.149279,0.321116
0,1,011010101100000000010000000000110111100100001001010101010101,-0.240012,0.230574
0,1,011010101100000000010000000001110111100100001001010101010101,-0.240529,0.254752
0,1,111100000000001111001001010000101100110101111000000000101001,-0.111935,0.393256
0,1,100010010110111011111101011011100010001101100110100111111111,-0.069346,0.656414
0,1,011010001100000000010100000000110111000100001001010101010101,-0.238399,0.247835
1,1,011011001100000000010000000000110111000100001001010101010101,-0.246178,0.203682
0,1,011010101100000000010000000000010111000100001001010100110101,-0.239638,0.219901
0,1,001100100100000100011001100110010111111111100000100011001010,-0.100099,0.398768
0,1,011010001100000000110100000000110111000100101001010101010101,-0.209669,0.296694
0,1,011101100110111111000000001100011101101000110110100101001111,-0.124180,0.513405
0,1,111010001100000000000010000001100111100100011001010100110100,-0.249618,0.246271
0,1,010010001100001111110110001000001000011011011111000110001001,-0.047591,0.429104
0,1,000111100100001001100010100001000011000000000101000111000100,-0.128968,0.286778
0,1,000111100110001001000011100000000001000000000101000111010100,-0.139976,0.300020
0,1,011000101000001010000111101000010100001110001101101101100011,-0.124266,0.409427
1,1,100010100000000000000010000000000000110000001100000101001010,-0.192758,0.127029
0,1,000111100110001001100010100000000001000000000101000111000100,-0.124058,0.276516
0,1,001100001000001101000100011100100010100100101110101011010110,-0.133017,0.394353
1,1,100010100000000000000010000000000110110000001100000101001010,-0.224337,0.153612
1,1,100010100000000000000010000000000110110000001100000101001000,-0.216776,0.145637
0,1,011000101000001010000111101000010110001110001101101101100011,-0.125083,0.426993
0,1,011000101000001110000111101000010110001110001101101101100011,-0.126287,0.447472
0,1,011110010100111000101001000100110001100000001011000001001110,-0.158919,0.370180
1,1,011010001100000000010000000000110111000100001001010101010101,-0.246178,0.197892
0,1,011010001100000010010000000000110111000100001001110101010101,-0.205611,0.262546
0,1,011010101100000000010000000000010111000100001001010101110101,-0.240603,0.223286
0,1,011010101100100000010000000000010111000100001001010101110101,-0.236599,0.254681
1,1,011010001100000000010000000000110111000100001001010101010100,-0.246356,0.183876
0,1,111010001100100000010000000001110111000100001001010101010101,-0.242692,0.258898
0,1,000110100000001001100010100000000001100100000101000111010000,-0.171827,0.231014
1,1,011010001100000000010000000000110111000100001001011101010101,-0.246178,0.203814
0,1,011010011100000000010000000000110111000000001001011101010101,-0.235308,0.209816
0,1,011110010100111000100001000100110001100000001011000001001110,-0.149520,0.353388
0,1,011010101100000000010000000000110110000100001001010111110101,-0.232559,0.240259
1,1,001010100000000000000000100001100111110100011001010100110001,-0.265164,0.225767
0,1,101111111000010011010101010001000000001111011111111011011010,-0.067240,0.461635
0,1,011010101100100000010010000000110111100100001001010101010101,-0.231675,0.292507
0,1,011010101100000000010010000000110111100100001001010101010101,-0.234379,0.259242
0,1,011010101101000000010010000000110111100100001001010101010101,-0.227847,0.293042
0,1,011000001100000000010000000000110111000100001011010101010101,-0.228772,0.216179
0,1,011000001100001000010000000000110111000100001011010101010101,-0.228572,0.247175
1,1,011010001100000000010000000000110111100100001001010101010101,-0.246178,0.199925
1,1,011010001100000000010000000000110111000100001001010111010101,-0.243370,0.206554
0,1,101010111100001111000111100100100011111000000110110001101111,-0.088764,0.471091
1,1,010011100100000000010000100001100111100100011001010100110101,-0.274646,0.280660
0,1,011010101100100000010010000000110101100000001001000101000101,-0.157678,0.257114
1,1,001010100000000000000010100000001000100100001100000101010010,-0.241860,0.176172
1,1,001010100000000000000010100000011000100100001100000101010010,-0.244640,0.186965
0,1,001011100010110011010101010101111110001001101101100100100100,-0.091252,0.544079
0,1,111110000000001010111111011110111010110110000111101100011010,-0.073759,0.574440
0,1,011010101100101010111000000001110101110000101011000101011001,-0.176880,0.421503
0,1,011010101100101010011000000001110111110000101011000101011001,-0.214096,0.404127
0,1,011010101100101011011000000001110101110000101011000101011001,-0.199686,0.407323
0,1,011010101100111011011000000001110101110000101011000101011001,-0.190278,0.455206
0,1,011010101100101010011000000001110101110000101011000101011001,-0.214102,0.386748
0,1,011010010010111010101001101101011101011000111100010101011101,-0.098593,0.584116
0,1,011011000110101001110101111000110111100011000101111000100001,-0.078309,0.528939
0,1,001111010011100100111010000011010011111011011100010110101011,-0.127614,0.523860
0,1,011010101100101010011000000001110111010000101011000101011001,-0.214103,0.399626
0,1,011010101100101011011000000011110101010000101011000101011001,-0.182380,0.444125
0,1,111100001110001011111010000111000001001101111010001010101111,-0.079409,0.510334
0,1,011010101101101010010000000000110101110000101001000101011001,-0.196494,0.340163
0,1,011110111010001010011000110100111010011111001111001010111100,-0.129549,0.514665
0,1,011010010000001110000000111010101010010101001011010100111100,-0.126818,0.410284
1,1,000011100000000000000010010000000010100000000100100110110000,-0.201449,0.134726
0,1,100011010111001110101111100000010100111011001100100010110100,-0.125752,0.523429
0,1,000110100000001001100000100000000001000000000101000111011100,-0.172473,0.236547
0,1,000110100000001001100000100000000001000000000101000111011101,-0.173531,0.250322
0,1,000110100000001000100000100000000001000000000101000111011100,-0.172473,0.216139
0,1,000110100000001000100000100000000001000010000101000111010100,-0.144105,0.205265
0,1,000110100010001000100000100000000001000000000101000111011100,-0.169660,0.248006
1,1,001010100000000000000000010000010000100000001100000101010010,-0.208802,0.127791
0,1,010111010000110101100000111001011001100110000100000011010000,-0.089466,0.397296
0,1,101101011111010010000110011001100001100011010010010100100011,-0.120045,0.471278
0,1,011010101100101010011010000001110101110000101011000101011001,-0.213861,0.417121
0,1,011010110010111010101001101101011101011000111100010101011101,-0.100528,0.594568
0,1,111011000101010111011110101100011100100111111100100110100111,-0.081475,0.615455
0,1,011010100100000000010000000001100111100100011001010100100001,-0.211954,0.234784
0,1,000111111001110000110110110001111100010000111100110111000001,-0.122755,0.531508
0,1,011010101100101010010010000000110101110000101001000101011001,-0.196908,0.335958
0,1,011010101100101010010010000001110101110000101001000101011001,-0.198330,0.359648
0,1,011010101100101010010010000001010101110000101001000101011001,-0.186931,0.349342
1,1,000010100100000000100010000000000010100000000100000111010000,-0.176876,0.117821
0,1,100110001010011001111010010101011011000101100110011101101110,-0.090383,0.538233
0,1,010010101100100010010010000000110101100000101001000101011001,-0.195903,0.292335
0,1,000110101100001001100010100000000001000000000101000111010000,-0.145873,0.242318
0,1,000110100100001001100010000000000001000000000101000111010000,-0.143799,0.207907
0,1,011010101100100010010010001000110001100000101001000101011001,-0.196989,0.318845
0,1,100111000101111111001111000101110100011001000101001000000111,-0.112399,0.575039
0,1,111100101000010010101100001101101110010001110000100011111000,-0.147927,0.461699
0,1,011010101100101010010010000000111101100000101001000101011001,-0.196901,0.351887
0,1,000110000000001000100000100000000001000000000101000111011100,-0.162680,0.193699
0,1,011010101100101010010010000000110101100000101001000101011001,-0.196932,0.331548
0,1,011010101100111010010010000001110101100000100001000101011001,-0.182429,0.390410
0,1,011010101100100010010010000000110101100000101001000101011001,-0.197216,0.301151
0,1,011010101100000010010010000000110101100000101001000101011001,-0.197079,0.268564
0,1,001110111001001101111111110101100100011010111001000110001010,-0.093039,0.597258
0,1,101111101000100001110011100110111010100111011110111111101010,-0.091579,0.550890
0,1,011010101100101010011000000001010101110100101011000101011001,-0.207289,0.370998
0,1,011010111100001010110000000000110101110000101001000101011001,-0.154738,0.318856
1,1,101010100100000000000000100000100101100000000100000111001010,-0.212077,0.173118
0,1,000001011010110000010110010100100000011011101111111100110101,-0.097661,0.470670
0,1,011110101100100010010010000000011101100100101001000101111001,-0.181877,0.345212
0,1,010111011011111010011000110100010011000100111011011000100010,-0.104003,0.521491
0,1,110000100001100000100110101000100110110001100000000111101000,-0.138512,0.350678
0,1,010100101110101001010110000000111101001000101101011011101010,-0.165891,0.460080
1,1,011010100100000000010000000001100111100100011001010100110001,-0.267114,0.243073
1,1,011010100100000000010000000001000111100100011001010100110001,-0.247468,0.232767
1,1,011010100100000000010000000001100111100100001001010100110001,-0.251471,0.219434
0,1,011010111100001010110010000000110101110000101001100101011001,-0.153624,0.353998
1,1,001010100100000000010000000001100111100100011001010100110001,-0.268403,0.221177
0,1,011010111100001010110010000001110101110000101001000101011001,-0.155383,0.370649
0,1,011010111100001010110010000000110101110000101001000101011001,-0.154113,0.346959
0,1,011010111100001010110010000001110101110000101000000101011001,-0.168053,0.363381
0,1,011010111100101010010010000000110101110000101001001101011001,-0.196474,0.351410
0,1,011010111100001010110000000000110101111000101001000101011001,-0.154707,0.322368
0,1,011010111100101010010010000000110101110000101001000101011001,-0.196474,0.345488
0,1,011010111101101010010010000000110101110000101001000101011001,-0.196289,0.380066
1,1,011001100100000000010000000001100110100100011001010100110001,-0.268394,0.239222
0,1,001010000000000000100000100000000001100000000100000111001110,-0.175386,0.141123
1,1,000010100100000000100010000000000010100100000100000111010000,-0.197474,0.139596
0,1,011110100110101101101110100101000101000100111010110110011000,-0.093887,0.538061
1,1,011011100100000000010000000001100110100100011001010100110001,-0.268305,0.246857
1,1,011011100100000000010000000001100010100100011001010100110001,-0.268284,0.230039
0,1,101001000000101101011101000110011000001000011000000111110110,-0.142990,0.430501
0,1,101001000000111101011101000110011000001000011000000111110110,-0.141878,0.460588
1,1,011011100100000000010000000001100111100100011001010100110001,-0.271207,0.248863
0,1,011010111100001010110110000001110101110000101001000101011001,-0.157072,0.402858
0,1,011010101100100010010011000000110101100000101001000101011001,-0.187723,0.345380
0,1,011010111100100010010010000100110101100000101001000101011001,-0.203359,0.337179
0,1,011010111100101010010010000000110101100000101001000101011001,-0.196494,0.341816
0,1,010110111010011000010110001101001111011111010110001000011001,-0.107918,0.504987
0,1,011010101100111010011000000001110101110000100011000101010001,-0.198929,0.405888
0,1,001110111111110001001100110010000000010111110110101000010000,-0.107673,0.486040
0,1,011010101100101010011000100001011101110000101011000111011001,-0.212121,0.424599
0,1,000111100000001000100000100000000001000000000101000111010100,-0.145773,0.200264
0,1,011010101100101010011000100001110101110000101011000111011001,-0.219011,0.423885
0,1,100011000110011111001111100011001100101110000111010001111001,-0.085143,0.557968
0,1,010000111000000011001001010100111001100011100000111011011111,-0.118449,0.439217
0,1,101001010011000011110101000111010100001000000010001011011100,-0.098046,0.458679
0,1,011111010110011000011001011010100100101000110101111010011111,-0.102580,0.527770
0,1,011111011100111010001100110110100111010011111110111000100010,-0.081114,0.563476
1,1,001010100100000000000010100000010001100000000100000101110010,-0.244148,0.170212
0,1,000110100000001001100000100000000001000000000101000111010100,-0.151646,0.210994
0,1,000100100000001001100010100010000001101000000101000111010100,-0.161635,0.262660
0,1,010000111000000011001001010100111001000011100000111011011111,-0.117720,0.435518
0,1,000110100000001000100000100000000001000000000101000111010100,-0.151646,0.190586
1,1,001010100000000000000000110000010000100000001100000101010010,-0.212982,0.154396
0,1,001100110100000100011001100110010111111110100000100011001010,-0.162455,0.371216
0,1,001010100000000000000110100001010001100000000100000101010110,-0.201849,0.246735
1,1,001010100000000000000010110100000001110000000100000101010010,-0.206542,0.198402
0,1,000111100100001001100010100000000001000000000101000111010000,-0.135183,0.243691
0,1,000111100100001001100010100010000001000000000101000111010000,-0.138827,0.267370
0,1,011010101100101111010010100001010101110000101001000101011001,-0.124141,0.428657
0,1,011011100100100010010010000000110101100000101001000101011001,-0.197216,0.302376
0,1,011011100100110010010010000000110101100000101001000101011001,-0.197979,0.319634
0,1,000110100000001001100010100000000001100000000101000111010100,-0.166897,0.243468
0,1,000110100000010001100010110000000001100000000101000111010000,-0.155289,0.252348
0,1,000110100100001001100010100000000001100000000101000111010000,-0.158159,0.235996
1,1,001010100100000000000010100000010001100000000100000101010010,-0.222756,0.164709
0,1,101101001011111000111111101110010000001101110000110111011000,-0.107247,0.627989
0,1,000110100100001001100010100000000001000000000101000111010000,-0.145873,0.234014
0,1,000110100101001001100010100000000001000000000101000111010000,-0.140089,0.277435
0,1,011010101100101111010110100001010101110000101001000101011001,-0.125602,0.460866
1,1,001010100000000000000010100000010000100000000100000101010110,-0.208135,0.166471
1,1,001010100100000000000010100000010000100000000100000101010010,-0.218671,0.160994
0,1,011010101110100010010010110000110101100000101001000101011101,-0.159658,0.422837
0,1,011010101100101010011000100001010101110100101011001101011001,-0.197373,0.407168
0,1,000110010101100101110001000010011000101010100101001000000000,-0.092778,0.324590
1,1,111010001000000000000000000001100111100100011001010100110100,-0.247717,0.208991
1,1,101010001000000000000000000001100111100100011001010100110100,-0.247717,0.203601
0,1,001010010011011010101001010110110111111110011011101011010011,-0.127472,0.575767
0,1,000010011000010101111101101011110100000100010100101001111101,-0.089948,0.518099
0,1,010101101001111101101011100001110100010011010111110010110010,-0.078474,0.580776
0,1,010001101001110011101010101010111000101010000111010010000101,-0.095365,0.506535
0,1,000101100100001001100010110001000011000000000101000110100100,-0.131083,0.304194
0,1,011010101100000000010000010000110111000100001001010101010101,-0.198623,0.271784
0,1,010101011011111010011000110100010011000100111011011000101010,-0.105231,0.529783
0,1,100010100100100011010101111010110011110111010001111001001001,-0.087466,0.493515
0,1,101001000010101101011101000110011000000000011000000111111110,-0.156566,0.505617
0,1,100001110100100101100100000111101001010110001001010100000010,-0.093705,0.383103
0,1,011010101100000000010000010001110111100100001001010101010101,-0.209077,0.299681
0,1,010100101000100100111011101110011111111111111010100111100001,-0.076693,0.563505
0,1,010100000111101011000010110101101101010011011111101011101011,-0.090061,0.581887
0,1,001100100100000100011001100110010111111110100000100011001010,-0.164738,0.361145
1,1,001011101100000000000000000000110010001100001101000101010001,-0.191186,0.184756
0,1,111001011111011001100101001010101001011011011001100011101110,-0.100308,0.547559
0,1,010000001110101011101001111110010001110000000011010011011110,-0.098434,0.521724
0,1,000001111110001101110101101111010111100001010001011010101100,-0.073491,0.557168
0,1,101001000001000011100010011100101010001111101010111101010110,-0.112803,0.467507
0,1,000111100100001001100011100000000001000000000101000111010000,-0.135183,0.270251
0,1,001110111111011110101010001111010010010111101110101110001110,-0.081843,0.635325
1,1,011010101100000000010000000000010111000100001001010101110001,-0.245199,0.209038
0,1,011101100111011000001101011010001100011101000010110000001010,-0.149655,0.466335
0,1,101001001011100100110110101100010110000000101111110011101100,-0.072236,0.527639
0,1,101101000011011011010000110011000000100100101110100010010001,-0.072015,0.442228
0,1,011010101100000000010010010000110111100100000001010101010101,-0.194828,0.291547
